parameter estimate: 0.34282348752542546
parameter realizations: [-0.5         0.00593017  0.16746286  0.16746286  0.16746286  0.16221785
 -0.29094356 -0.30891885 -0.3468489  -0.49783597 -0.61619235 -0.71836514
 -0.93738278 -0.54728722 -0.33914494 -0.26349504 -0.18468224 -0.24618754
 -0.15964453 -0.42108168 -0.25685748 -0.363745   -0.39987954 -0.35706949
 -0.17578071 -0.03154538  0.05306574 -0.11234222 -0.10522762 -0.30175802
 -0.17269166 -0.36339715 -0.22397215 -0.4722084  -0.49411924 -0.7869451
 -0.60562773 -0.58231098 -0.35986473 -0.16873535 -0.02611338  0.15226685
  0.05429262 -0.0985602   0.28082451  0.7894646   0.59701645  0.89789633
  1.02141688  1.28903936  1.18541534  1.11692831  1.15185163  1.11639425
  0.88587376  0.62521198  0.62521198  0.86988727  0.98170443  0.98170443
  1.06720435  0.71601379  0.9259191   0.65376555  0.76192668  0.69050766
  0.97708148  0.97708148  0.92436556  0.73979777  0.69208912  0.69208912
  0.82327492  0.50256639  0.46151144  0.30167447  0.19010967 -0.01770241
  0.03305792 -0.05546959 -0.10668222  0.09728064  0.09728064  0.33358563
  0.43807893  0.43807893  0.43807893  0.6333319   0.56769927  0.5468617
  0.22467466  0.20377143  0.24615338  0.24615338  0.32270751  0.26881412
  0.20142741  0.31051462  0.22102137  0.08968208  0.226068    0.32403557
  0.33873626  0.16733064  0.05828976  0.19614396  0.18771008  0.4777532
  0.5205015   0.52557912  0.55810728  0.55496212  0.096965    0.10461357
  0.08406897  0.12507199  0.00612959  0.15654213  0.00895067 -0.18217643
 -0.5028856  -0.06767193  0.0953486   0.30378436  0.05760044  0.15853153
  0.54680226  0.93822408  0.78171945  0.68981426  0.80299367  1.1398047
  1.19532544  1.35996898  1.14037389  1.18970755  1.23353148  1.23353148
  1.28152581  1.14007812  0.85654855  0.75686314  0.84997708  0.90824445
  1.17440262  1.12266516  1.62966945  1.54449412  1.40706307  1.00320912
  0.87509849]
likelihood realizations: [-100.33054431 -100.35012852 -100.65107571 -100.65107571 -100.65107571
 -100.89459802 -100.52672837 -100.40637153 -100.39798708 -100.37940252
 -100.42480855 -100.60562503 -100.89409328 -100.39401031 -100.36172494
 -100.36753346 -100.46847879 -100.362286   -100.36382374 -100.36245315
 -100.37191624 -100.35933155 -100.3396309  -100.4675072  -100.41075727
 -100.45693761 -100.37612683 -100.38392834 -100.42075619 -100.4477291
 -100.38354811 -100.37793079 -100.42282305 -100.5351182  -100.51593727
 -100.57609697 -100.39182087 -100.41563641 -100.39624043 -100.50465385
 -100.4285849  -100.40124774 -100.41151302 -100.40244243 -100.71850695
 -100.7469559  -100.62354213 -100.61835364 -100.86051935 -100.87570693
 -101.30366598 -101.05551059 -100.8476762  -100.75390407 -100.77361259
 -100.51571007 -100.51571007 -100.81567372 -100.76447252 -100.76447252
 -100.87230004 -100.5738552  -100.66224775 -100.65691263 -100.73849459
 -100.51372063 -100.54571389 -100.54571389 -100.6018208  -100.73549602
 -100.5592545  -100.5592545  -100.51748916 -100.46675794 -100.41915406
 -100.54171759 -100.43319586 -100.40069914 -100.42170535 -100.44086581
 -100.34345823 -100.38179372 -100.38179372 -100.6073991  -100.55025449
 -100.55025449 -100.55025449 -100.84655644 -100.60470466 -100.55346764
 -100.91771815 -100.61872366 -100.51744638 -100.51744638 -100.76840293
 -100.89792704 -100.51268378 -100.43285457 -100.44403132 -100.33126364
 -100.58740834 -100.5664742  -100.54309639 -100.46538102 -100.37976286
 -100.9356262  -100.72549554 -100.53063042 -100.55872362 -100.65509573
 -100.71156379 -100.56669316 -100.40711953 -100.72662748 -100.35679895
 -100.49987771 -100.36267685 -100.3890233  -100.3805642  -100.41171089
 -100.49906681 -100.39870429 -100.42249303 -100.54572473 -100.34244419
 -100.40936915 -100.47872594 -100.82386418 -100.5332732  -100.61510457
 -100.73953125 -100.86977641 -100.85721314 -100.84305285 -100.83042187
 -100.74640301 -100.72909757 -100.72909757 -100.79399384 -100.7392884
 -100.68960559 -100.60624918 -100.57468751 -100.67376856 -100.81953516
 -100.75460931 -100.99795696 -100.87991816 -100.81958363 -100.62364864
 -100.55585953]
proposals: [-0.5         0.00593017  0.16746286  0.10829979  0.23615253  0.16221785
 -0.29094356 -0.30891885 -0.3468489  -0.49783597 -0.61619235 -0.71836514
 -0.93738278 -0.54728722 -0.33914494 -0.26349504 -0.18468224 -0.24618754
 -0.15964453 -0.42108168 -0.25685748 -0.363745   -0.39987954 -0.35706949
 -0.17578071 -0.03154538  0.05306574 -0.11234222 -0.10522762 -0.30175802
 -0.17269166 -0.36339715 -0.22397215 -0.4722084  -0.49411924 -0.7869451
 -0.60562773 -0.58231098 -0.35986473 -0.16873535 -0.02611338  0.15226685
  0.05429262 -0.0985602   0.28082451  0.7894646   0.59701645  0.89789633
  1.02141688  1.28903936  1.18541534  1.11692831  1.15185163  1.11639425
  0.88587376  0.62521198  0.22022376  0.86988727  0.98170443  1.07328889
  1.06720435  0.71601379  0.9259191   0.65376555  0.76192668  0.69050766
  0.97708148  1.01211719  0.92436556  0.73979777  0.69208912  0.82857948
  0.82327492  0.50256639  0.46151144  0.30167447  0.19010967 -0.01770241
  0.03305792 -0.05546959 -0.10668222  0.09728064  0.1423556   0.33358563
  0.43807893  0.21639033  0.53845932  0.6333319   0.56769927  0.5468617
  0.22467466  0.20377143  0.24615338  0.26953952  0.32270751  0.26881412
  0.20142741  0.31051462  0.22102137  0.08968208  0.226068    0.32403557
  0.33873626  0.16733064  0.05828976  0.19614396  0.18771008  0.4777532
  0.5205015   0.52557912  0.55810728  0.55496212  0.096965    0.10461357
  0.08406897  0.12507199  0.00612959  0.15654213  0.00895067 -0.18217643
 -0.5028856  -0.06767193  0.0953486   0.30378436  0.05760044  0.15853153
  0.54680226  0.93822408  0.78171945  0.68981426  0.80299367  1.1398047
  1.19532544  1.35996898  1.14037389  1.18970755  1.23353148  1.4159937
  1.28152581  1.14007812  0.85654855  0.75686314  0.84997708  0.90824445
  1.17440262  1.12266516  1.62966945  1.54449412  1.40706307  1.00320912
  0.87509849]
