parameter estimate: -0.5410483463446966
parameter realizations: [-5.00000000e-01 -7.83077876e-01 -7.05329012e-01 -4.43169151e-01
 -2.00333413e-01 -2.00333413e-01 -2.64215402e-01 -3.11522294e-01
 -1.32484142e-01 -2.39960017e-01 -2.32419224e-01 -3.86063400e-01
 -4.54320678e-01 -2.68716544e-01 -1.69549077e-01 -3.48364465e-01
 -4.21379949e-01 -2.50642576e-01 -3.61550234e-01 -1.80218607e-01
 -1.80218607e-01 -1.87094496e-01 -1.50717902e-01 -1.50717902e-01
 -1.50717902e-01 -4.20677290e-01 -2.62025804e-01 -2.98629770e-01
 -3.58859343e-01 -1.48441409e-01 -3.10272866e-01 -2.33597490e-01
 -4.09053468e-01 -1.56762385e-01 -1.56762385e-01 -4.24424923e-01
 -4.24424923e-01 -2.57810802e-01 -2.14332562e-01 -2.14332562e-01
 -2.14332562e-01 -2.16317790e-01 -3.14554501e-01 -6.90832762e-01
 -5.10218448e-01 -5.04176468e-01 -9.62111643e-02 -9.62111643e-02
 -3.36484767e-01 -5.65074216e-01 -5.58993730e-01 -6.74057988e-01
 -3.88555138e-01 -5.21010465e-01 -3.68826234e-01 -5.29881192e-01
 -6.07519844e-01 -7.16184799e-01 -9.05009034e-01 -1.16975550e+00
 -1.37470287e+00 -1.27215943e+00 -1.39938557e+00 -1.52036099e+00
 -1.32926434e+00 -1.41689834e+00 -1.41689834e+00 -1.50534611e+00
 -1.57832043e+00 -1.63449043e+00 -1.30286786e+00 -9.78982615e-01
 -5.98882506e-01 -9.67292146e-01 -9.67292146e-01 -8.78686981e-01
 -1.48173469e+00 -1.55407927e+00 -1.59475862e+00 -1.63421793e+00
 -1.67957409e+00 -1.53416304e+00 -1.08694903e+00 -6.89282065e-01
 -5.39445731e-01 -4.92807017e-01 -2.17906267e-01 -3.10437516e-01
 -4.78593706e-01 -6.73887505e-01 -5.61140635e-01 -4.01570872e-01
 -3.97607834e-01 -1.44120956e-01 -8.55166261e-02 -1.65372986e-02
 -1.17599454e-01 -3.75078270e-02 -1.19974908e-01 -2.23974780e-01
 -1.64453245e-01 -7.09183286e-02 -1.87921933e-01 -1.03410345e-01
 -2.53729262e-01 -2.59684910e-01 -1.30716087e-03 -1.30716087e-03
 -2.24804002e-01 -3.39725422e-02 -2.10527207e-01 -5.50840227e-01
 -8.94809987e-01 -8.73446228e-01 -7.17065424e-01 -7.73962487e-01
 -5.58873019e-01 -2.41727986e-01 -5.92136202e-01 -5.35438737e-01
 -5.74740364e-01 -9.19677691e-01 -8.17389873e-01 -6.57493060e-01
 -6.25680052e-01 -4.66781748e-01 -3.22842462e-01 -1.75520560e-01
 -2.74325758e-01 -1.00080873e-01 -1.47718698e-01 -2.22125872e-02
 -2.22125872e-02 -1.93361683e-01 -3.35732303e-02 -1.22240478e-01
 -1.22240478e-01 -2.32951324e-01 -1.87817568e-01 -5.61427551e-02
 -5.61427551e-02 -5.61427551e-02 -5.61427551e-02 -1.34802294e-02
 -2.10947495e-01 -7.17379185e-02 -2.80832948e-01 -1.06375261e-01
 -1.06375261e-01 -1.06375261e-01 -1.89761410e-01 -1.11123645e-02
 -2.20859815e-01 -4.77939855e-01 -5.78635530e-01 -5.62318957e-01
 -3.15511915e-01 -4.98341576e-01 -4.03229698e-01 -1.97680863e-01
 -1.97680863e-01 -2.18346558e-01 -2.18346558e-01 -1.36314132e-01
 -8.19166943e-02 -2.88127501e-01 -9.46170498e-02 -9.46170498e-02
 -9.46170498e-02 -7.99472557e-02 -7.99472557e-02 -7.24129455e-02
 -2.09366182e-01 -2.09366182e-01 -3.16069072e-01 -3.10164916e-01
 -4.30401225e-01 -3.54160411e-01 -2.32852216e-01 -2.32852216e-01
 -3.61760586e-01 -5.38120657e-01 -5.24360648e-01 -5.24360648e-01
 -8.16989417e-01 -8.24492412e-01 -5.08855629e-01 -1.31681183e-01
 -1.31681183e-01 -4.00668750e-01 -1.28817140e-01 -7.73837237e-02
 -1.46731947e-01 -8.81332872e-02 -2.20930206e-02 -1.63754004e-01
 -1.78623962e-01 -1.78623962e-01 -1.78623962e-01 -2.33909998e-01
 -4.68106593e-01 -5.72010925e-01 -5.61326275e-01 -4.24158789e-01
 -2.77898641e-01 -2.50311763e-01 -4.93825307e-01 -7.07809300e-01
 -9.78285131e-01 -8.41369762e-01 -5.64379415e-01 -8.24502009e-01
 -8.29902911e-01 -1.02300092e+00 -7.98109560e-01 -9.59402190e-01
 -9.83664809e-01 -7.96662184e-01 -4.52324840e-01 -3.30003446e-01
 -4.55839944e-01 -5.25874982e-01 -6.89436606e-01 -9.64514303e-01
 -1.10949409e+00 -1.04678084e+00 -1.08292397e+00 -1.29256632e+00
 -1.13474377e+00 -1.13474377e+00 -9.76088458e-01 -9.28635618e-01
 -7.82235720e-01 -1.25329968e+00 -1.25329968e+00 -1.35297237e+00
 -1.01717028e+00 -1.16968469e+00 -1.18248454e+00 -1.31165253e+00
 -1.41408989e+00 -1.45989143e+00 -1.28799949e+00 -9.75154817e-01
 -9.58575431e-01 -1.11972594e+00 -1.11976768e+00 -1.11976768e+00
 -1.14312908e+00 -8.79194200e-01 -6.61414610e-01 -4.01192525e-01
 -3.57115835e-01 -6.31214004e-02 -6.31214004e-02 -7.65894964e-02
 -8.27194536e-02 -5.50144259e-02 -2.14877315e-01 -2.14877315e-01
 -3.72904725e-01 -3.52807630e-01 -8.72359785e-01 -7.27259526e-01
 -8.06097290e-01 -8.85317471e-01 -1.09073892e+00 -1.09093887e+00
 -7.18286792e-01 -5.04612359e-01 -7.75344229e-01 -5.58434284e-01
 -5.58434284e-01 -5.04660700e-01 -4.49505384e-01 -3.91375732e-01
 -3.53899694e-01 -6.31677336e-01 -4.81452705e-01 -5.60123741e-01
 -6.05520324e-01 -3.87728241e-01 -7.69269891e-01 -6.26942206e-01
 -4.45582487e-01 -4.25410240e-01 -7.26560526e-01 -8.84613650e-01
 -9.19333095e-01 -5.45111511e-01 -4.58839300e-01 -6.93358688e-01
 -4.60273157e-01 -4.60273157e-01 -4.20959954e-01 -8.74916236e-01
 -1.10081039e+00 -1.46670850e+00 -1.46592622e+00 -1.42116079e+00
 -1.42116079e+00]
likelihood realizations: [-100.32131283 -100.56005789 -100.44798869 -100.39322185 -100.41288426
 -100.41288426 -100.37217489 -100.37790296 -100.38940358 -100.38953587
 -100.45034579 -100.45244799 -100.39176518 -100.36756015 -100.39037809
 -100.36956451 -100.39750337 -100.40345854 -100.43539458 -100.39373882
 -100.39373882 -100.39597155 -100.37979711 -100.37979711 -100.37979711
 -100.46101466 -100.46886285 -100.39577276 -100.36724447 -100.44089102
 -100.37935655 -100.3786985  -100.42544992 -100.37515733 -100.37515733
 -100.40870415 -100.40870415 -100.36597246 -100.47600096 -100.47600096
 -100.47600096 -100.37773607 -100.39693232 -100.36772481 -100.39260575
 -100.39854398 -100.40206407 -100.40206407 -100.57237498 -100.54488575
 -100.49100769 -100.67483211 -100.57404529 -100.54864594 -100.40754736
 -100.42403575 -100.43316657 -100.4708213  -100.58885131 -100.70806854
 -100.73144365 -101.06563998 -101.00050677 -100.75715066 -100.92743902
 -100.92519247 -100.92519247 -100.83645324 -100.85925229 -100.9642358
 -100.75550571 -100.68759788 -100.57040498 -100.60107837 -100.60107837
 -100.44846472 -100.98838225 -101.08599984 -100.91939492 -101.15148852
 -100.94183228 -100.87391709 -100.59694487 -100.41123793 -100.40531469
 -100.48366838 -100.40423194 -100.37088777 -100.79957568 -100.84944594
 -100.48663494 -100.36860047 -100.38304394 -100.38201006 -100.41919259
 -100.36543796 -100.36838887 -100.36068857 -100.36649627 -100.41750695
 -100.39893777 -100.44242478 -100.40198161 -100.33715116 -100.41675828
 -100.3913142  -100.32793463 -100.32793463 -100.46230157 -100.39344067
 -100.41392041 -100.3591721  -100.43060919 -100.4355209  -100.65267014
 -100.45142605 -100.43103163 -100.4021761  -100.44830268 -100.42409009
 -100.87152898 -100.52762542 -100.6027331  -100.56143801 -100.43552614
 -100.42605005 -100.3776098  -100.35641568 -100.42403726 -100.4174996
 -100.42079715 -100.34140578 -100.34140578 -100.39414571 -100.37616092
 -100.39548953 -100.39548953 -100.38776435 -100.34542222 -100.36883442
 -100.36883442 -100.36883442 -100.36883442 -100.34075328 -100.38408491
 -100.34711519 -100.47227718 -100.41481829 -100.41481829 -100.41481829
 -100.4131656  -100.35965814 -100.35155323 -100.75513523 -100.427581
 -100.39486397 -100.35956067 -100.33818935 -100.40654435 -100.40872108
 -100.40872108 -100.44495123 -100.44495123 -100.39647961 -100.37218192
 -100.39872675 -100.40756464 -100.40756464 -100.40756464 -100.36369631
 -100.36369631 -100.40346354 -100.42741079 -100.42741079 -100.35941402
 -100.37873677 -100.37325877 -100.34261807 -100.36947628 -100.36947628
 -100.41866914 -100.38724904 -100.58428077 -100.58428077 -100.37079333
 -100.60275234 -100.35198474 -100.37057516 -100.37057516 -100.47567581
 -100.58291706 -100.38615285 -100.35440647 -100.35161857 -100.39838952
 -100.40174308 -100.42154523 -100.42154523 -100.42154523 -100.40493042
 -100.47425996 -100.4383312  -100.42666627 -100.38160879 -100.42007255
 -100.42826897 -100.3639482  -100.74490077 -100.44613565 -100.72377997
 -100.35459885 -100.49421908 -100.59320289 -100.67380913 -100.44272664
 -100.60553388 -100.63966164 -100.44362874 -100.40276335 -100.43735385
 -100.47583067 -100.39754827 -100.57635551 -100.85011161 -101.13246547
 -100.83782817 -101.14225712 -100.70958687 -100.63361691 -100.63361691
 -100.66324911 -100.85830165 -100.42497891 -100.77004783 -100.77004783
 -100.8776419  -100.80988743 -100.71065459 -100.59477029 -100.74937171
 -100.9287703  -100.68022086 -100.78908263 -100.59938014 -100.46863591
 -100.70902993 -100.72835394 -100.72835394 -100.80738883 -100.59627741
 -100.37414218 -100.36420609 -100.40602752 -100.41333484 -100.41333484
 -100.36619535 -100.35882552 -100.35070578 -100.43238053 -100.43238053
 -100.35269364 -100.48258012 -100.56431604 -100.36817432 -100.55582603
 -100.40158203 -100.69466635 -100.82165792 -100.54513293 -100.56641854
 -100.57398362 -100.39726626 -100.39726626 -100.38991255 -100.32449683
 -100.4679094  -100.39282985 -100.63289494 -100.39496266 -100.422517
 -100.55872769 -100.38849536 -100.60543861 -100.46943298 -100.4416109
 -100.41323288 -100.41538476 -100.7234447  -100.50625024 -100.62985289
 -100.42988449 -100.40086358 -100.41995913 -100.41995913 -100.3541838
 -100.67355794 -100.77257969 -100.64632814 -100.74175632 -101.3948383
 -101.3948383 ]
proposals: [-5.00000000e-01 -7.83077876e-01 -7.05329012e-01 -4.43169151e-01
 -2.00333413e-01  5.00763168e-02 -2.64215402e-01 -3.11522294e-01
 -1.32484142e-01 -2.39960017e-01 -2.32419224e-01 -3.86063400e-01
 -4.54320678e-01 -2.68716544e-01 -1.69549077e-01 -3.48364465e-01
 -4.21379949e-01 -2.50642576e-01 -3.61550234e-01 -1.80218607e-01
  3.87051325e-02 -1.87094496e-01 -1.50717902e-01  7.66150459e-03
  1.21845531e-01 -4.20677290e-01 -2.62025804e-01 -2.98629770e-01
 -3.58859343e-01 -1.48441409e-01 -3.10272866e-01 -2.33597490e-01
 -4.09053468e-01 -1.56762385e-01  1.90364633e-01 -4.24424923e-01
  2.73074404e-01 -2.57810802e-01 -2.14332562e-01  4.44485034e-02
  1.19475850e-01 -2.16317790e-01 -3.14554501e-01 -6.90832762e-01
 -5.10218448e-01 -5.04176468e-01 -9.62111643e-02  4.07710123e-01
 -3.36484767e-01 -5.65074216e-01 -5.58993730e-01 -6.74057988e-01
 -3.88555138e-01 -5.21010465e-01 -3.68826234e-01 -5.29881192e-01
 -6.07519844e-01 -7.16184799e-01 -9.05009034e-01 -1.16975550e+00
 -1.37470287e+00 -1.27215943e+00 -1.39938557e+00 -1.52036099e+00
 -1.32926434e+00 -1.41689834e+00 -1.43906975e+00 -1.50534611e+00
 -1.57832043e+00 -1.63449043e+00 -1.30286786e+00 -9.78982615e-01
 -5.98882506e-01 -9.67292146e-01 -1.03365788e+00 -8.78686981e-01
 -1.48173469e+00 -1.55407927e+00 -1.59475862e+00 -1.63421793e+00
 -1.67957409e+00 -1.53416304e+00 -1.08694903e+00 -6.89282065e-01
 -5.39445731e-01 -4.92807017e-01 -2.17906267e-01 -3.10437516e-01
 -4.78593706e-01 -6.73887505e-01 -5.61140635e-01 -4.01570872e-01
 -3.97607834e-01 -1.44120956e-01 -8.55166261e-02 -1.65372986e-02
 -1.17599454e-01 -3.75078270e-02 -1.19974908e-01 -2.23974780e-01
 -1.64453245e-01 -7.09183286e-02 -1.87921933e-01 -1.03410345e-01
 -2.53729262e-01 -2.59684910e-01 -1.30716087e-03  1.61945744e-01
 -2.24804002e-01 -3.39725422e-02 -2.10527207e-01 -5.50840227e-01
 -8.94809987e-01 -8.73446228e-01 -7.17065424e-01 -7.73962487e-01
 -5.58873019e-01 -2.41727986e-01 -5.92136202e-01 -5.35438737e-01
 -5.74740364e-01 -9.19677691e-01 -8.17389873e-01 -6.57493060e-01
 -6.25680052e-01 -4.66781748e-01 -3.22842462e-01 -1.75520560e-01
 -2.74325758e-01 -1.00080873e-01 -1.47718698e-01 -2.22125872e-02
  1.23437872e-01 -1.93361683e-01 -3.35732303e-02 -1.22240478e-01
  3.59566657e-01 -2.32951324e-01 -1.87817568e-01 -5.61427551e-02
  2.03059488e-04  1.71527238e-01  1.47261325e-01 -1.34802294e-02
 -2.10947495e-01 -7.17379185e-02 -2.80832948e-01 -1.06375261e-01
  2.00785130e-01  5.68951461e-02 -1.89761410e-01 -1.11123645e-02
 -2.20859815e-01 -4.77939855e-01 -5.78635530e-01 -5.62318957e-01
 -3.15511915e-01 -4.98341576e-01 -4.03229698e-01 -1.97680863e-01
  2.11892864e-01 -2.18346558e-01  1.21695043e-01 -1.36314132e-01
 -8.19166943e-02 -2.88127501e-01 -9.46170498e-02  3.69788739e-02
  1.70745475e-01 -7.99472557e-02  1.70752929e-01 -7.24129455e-02
 -2.09366182e-01  5.56099781e-02 -3.16069072e-01 -3.10164916e-01
 -4.30401225e-01 -3.54160411e-01 -2.32852216e-01  6.08662879e-02
 -3.61760586e-01 -5.38120657e-01 -5.24360648e-01  1.98926877e-01
 -8.16989417e-01 -8.24492412e-01 -5.08855629e-01 -1.31681183e-01
  1.98012189e-02 -4.00668750e-01 -1.28817140e-01 -7.73837237e-02
 -1.46731947e-01 -8.81332872e-02 -2.20930206e-02 -1.63754004e-01
 -1.78623962e-01  1.08381741e-01  6.96322594e-03 -2.33909998e-01
 -4.68106593e-01 -5.72010925e-01 -5.61326275e-01 -4.24158789e-01
 -2.77898641e-01 -2.50311763e-01 -4.93825307e-01 -7.07809300e-01
 -9.78285131e-01 -8.41369762e-01 -5.64379415e-01 -8.24502009e-01
 -8.29902911e-01 -1.02300092e+00 -7.98109560e-01 -9.59402190e-01
 -9.83664809e-01 -7.96662184e-01 -4.52324840e-01 -3.30003446e-01
 -4.55839944e-01 -5.25874982e-01 -6.89436606e-01 -9.64514303e-01
 -1.10949409e+00 -1.04678084e+00 -1.08292397e+00 -1.29256632e+00
 -1.13474377e+00 -1.27531409e+00 -9.76088458e-01 -9.28635618e-01
 -7.82235720e-01 -1.25329968e+00 -1.56548650e+00 -1.35297237e+00
 -1.01717028e+00 -1.16968469e+00 -1.18248454e+00 -1.31165253e+00
 -1.41408989e+00 -1.45989143e+00 -1.28799949e+00 -9.75154817e-01
 -9.58575431e-01 -1.11972594e+00 -1.11976768e+00 -1.22801088e+00
 -1.14312908e+00 -8.79194200e-01 -6.61414610e-01 -4.01192525e-01
 -3.57115835e-01 -6.31214004e-02  2.86142270e-01 -7.65894964e-02
 -8.27194536e-02 -5.50144259e-02 -2.14877315e-01  7.48157090e-03
 -3.72904725e-01 -3.52807630e-01 -8.72359785e-01 -7.27259526e-01
 -8.06097290e-01 -8.85317471e-01 -1.09073892e+00 -1.09093887e+00
 -7.18286792e-01 -5.04612359e-01 -7.75344229e-01 -5.58434284e-01
 -6.98804325e-01 -5.04660700e-01 -4.49505384e-01 -3.91375732e-01
 -3.53899694e-01 -6.31677336e-01 -4.81452705e-01 -5.60123741e-01
 -6.05520324e-01 -3.87728241e-01 -7.69269891e-01 -6.26942206e-01
 -4.45582487e-01 -4.25410240e-01 -7.26560526e-01 -8.84613650e-01
 -9.19333095e-01 -5.45111511e-01 -4.58839300e-01 -6.93358688e-01
 -4.60273157e-01 -5.85281268e-01 -4.20959954e-01 -8.74916236e-01
 -1.10081039e+00 -1.46670850e+00 -1.46592622e+00 -1.42116079e+00
 -1.59659331e+00]
