parameter estimate: -0.7019685987577793
parameter realizations: [-5.00000000e-01 -3.67256323e-01 -4.70417152e-01 -3.70325280e-01
 -4.23698611e-01 -2.96055961e-01 -4.14850111e-01 -5.49258215e-01
 -7.53390616e-01 -5.23614474e-01 -4.39317601e-01 -5.97200185e-01
 -6.54934794e-01 -4.26969862e-01 -7.65263197e-01 -5.84477880e-01
 -8.69049784e-01 -8.14891753e-01 -5.38276212e-01 -3.53669619e-01
 -4.32033595e-01 -1.48255715e-01 -2.76684326e-01 -5.28568296e-01
 -4.50931659e-01 -3.63837163e-01 -3.63837163e-01 -5.05238114e-01
 -7.05894933e-01 -6.40705645e-01 -2.28022672e-01 -2.16106722e-01
  8.39975550e-02 -1.48068590e-01 -7.86728689e-03  3.43977126e-02
  1.28122649e-01  2.95945763e-01  3.81560956e-01  4.57369351e-01
  4.66368741e-01  3.54960026e-01  2.68535852e-02 -5.95194913e-02
  1.81018501e-03 -5.75167982e-02 -4.42043428e-02 -2.79408778e-02
 -1.18478794e-02  1.69863453e-01  5.89441408e-02 -8.51581823e-02
 -2.85552649e-01 -4.99186091e-01 -6.63718614e-01 -4.79285116e-01
 -5.13231705e-01 -4.79370629e-01 -7.58718093e-01 -6.72376953e-01
 -6.07015139e-01 -5.23565406e-01 -2.62595409e-01 -2.86905040e-01
 -5.20227000e-01 -4.75619207e-01 -4.90867887e-01 -6.92523475e-01
 -9.47075979e-01 -1.18199443e+00 -1.04676410e+00 -1.49242436e+00
 -1.67017285e+00 -1.65059880e+00 -1.56163642e+00 -1.56196464e+00
 -1.60643259e+00 -1.59645706e+00 -2.01900278e+00 -1.58557516e+00
 -1.60357026e+00 -1.82645207e+00 -1.92502087e+00 -1.74371130e+00
 -1.80100615e+00 -1.65661510e+00 -2.16387889e+00 -2.16878222e+00
 -2.06690697e+00 -2.05325303e+00 -2.11168884e+00 -1.70573590e+00
 -1.59370267e+00 -1.32602731e+00 -1.01894804e+00 -7.91156261e-01
 -7.44466227e-01 -9.87921483e-01 -6.99299823e-01 -5.86844709e-01
 -6.38019808e-01]
likelihood realizations: [-100.30898124 -100.40919117 -100.328457   -100.37000304 -100.37754131
 -100.51724902 -100.36338321 -100.36429688 -100.36252092 -100.34448345
 -100.30549071 -100.31390723 -100.35063065 -100.38839744 -100.40477993
 -100.34809278 -100.38945826 -100.46426222 -100.34559661 -100.32371522
 -100.34926021 -100.3311248  -100.32039517 -100.3327328  -100.33005242
 -100.30267495 -100.30267495 -100.33624492 -100.38899657 -100.33427053
 -100.35781618 -100.34339445 -100.30298035 -100.3178867  -100.34114727
 -100.31418678 -100.38750086 -100.31979905 -100.32656733 -100.37389508
 -100.34334621 -100.3381294  -100.34251123 -100.31841709 -100.34229735
 -100.31572229 -100.36762484 -100.30846379 -100.31367609 -100.32642157
 -100.35931714 -100.32123337 -100.43581785 -100.35174539 -100.34075491
 -100.3628428  -100.37645111 -100.33427497 -100.39717648 -100.36277138
 -100.34010471 -100.35054065 -100.34821592 -100.318305   -100.35808374
 -100.32434228 -100.35042378 -100.39999613 -100.48061395 -100.56609308
 -100.39795905 -100.51098274 -100.44399449 -100.45924082 -100.39533859
 -100.51314583 -100.652384   -100.45087545 -100.43286557 -100.48303788
 -100.47817739 -100.48559586 -100.54979902 -100.49240045 -100.54420528
 -100.56703115 -100.52726329 -100.52479835 -100.60376514 -100.58253654
 -100.47393968 -100.52847405 -100.4582011  -100.56504702 -100.44026949
 -100.40511344 -100.41090633 -100.48541825 -100.3546028  -100.3878418
 -100.35607921]
proposals: [-5.00000000e-01 -3.67256323e-01 -4.70417152e-01 -3.70325280e-01
 -4.23698611e-01 -2.96055961e-01 -4.14850111e-01 -5.49258215e-01
 -7.53390616e-01 -5.23614474e-01 -4.39317601e-01 -5.97200185e-01
 -6.54934794e-01 -4.26969862e-01 -7.65263197e-01 -5.84477880e-01
 -8.69049784e-01 -8.14891753e-01 -5.38276212e-01 -3.53669619e-01
 -4.32033595e-01 -1.48255715e-01 -2.76684326e-01 -5.28568296e-01
 -4.50931659e-01 -3.63837163e-01 -4.06491083e-01 -5.05238114e-01
 -7.05894933e-01 -6.40705645e-01 -2.28022672e-01 -2.16106722e-01
  8.39975550e-02 -1.48068590e-01 -7.86728689e-03  3.43977126e-02
  1.28122649e-01  2.95945763e-01  3.81560956e-01  4.57369351e-01
  4.66368741e-01  3.54960026e-01  2.68535852e-02 -5.95194913e-02
  1.81018501e-03 -5.75167982e-02 -4.42043428e-02 -2.79408778e-02
 -1.18478794e-02  1.69863453e-01  5.89441408e-02 -8.51581823e-02
 -2.85552649e-01 -4.99186091e-01 -6.63718614e-01 -4.79285116e-01
 -5.13231705e-01 -4.79370629e-01 -7.58718093e-01 -6.72376953e-01
 -6.07015139e-01 -5.23565406e-01 -2.62595409e-01 -2.86905040e-01
 -5.20227000e-01 -4.75619207e-01 -4.90867887e-01 -6.92523475e-01
 -9.47075979e-01 -1.18199443e+00 -1.04676410e+00 -1.49242436e+00
 -1.67017285e+00 -1.65059880e+00 -1.56163642e+00 -1.56196464e+00
 -1.60643259e+00 -1.59645706e+00 -2.01900278e+00 -1.58557516e+00
 -1.60357026e+00 -1.82645207e+00 -1.92502087e+00 -1.74371130e+00
 -1.80100615e+00 -1.65661510e+00 -2.16387889e+00 -2.16878222e+00
 -2.06690697e+00 -2.05325303e+00 -2.11168884e+00 -1.70573590e+00
 -1.59370267e+00 -1.32602731e+00 -1.01894804e+00 -7.91156261e-01
 -7.44466227e-01 -9.87921483e-01 -6.99299823e-01 -5.86844709e-01
 -6.38019808e-01]
