parameter estimate: -0.05829299441793853
parameter realizations: [ 0.5         0.49554499  0.26015067  0.37473059  0.3896377   0.21868853
  0.05286962 -0.19913805 -0.1138874  -0.19742523 -0.31846808 -0.50826341
 -0.45261335 -0.09766002 -0.16285094 -0.1820175  -0.22357112 -0.175085
 -0.175085   -0.55730312 -0.55819217 -0.78596809 -1.0066951  -0.69978165
 -0.54175548 -0.50371006 -0.3327393  -0.03763678  0.32632097  0.55663238
  0.39789629  0.11659716  0.24872805  0.57712281  0.5603366   0.9774658
  0.88136176  0.84316067  0.70261416  0.41912026  0.40446692  0.19326867
  0.31369852  0.1249018   0.32724385  0.48059925  0.60618821  0.67849616
  0.52645108  0.18514325  0.10336024  0.22952972  0.51438462  0.17896799
 -0.14869845 -0.53530078 -0.52498481 -0.3759394  -0.32336409 -0.15213359
 -0.30149877 -0.23407424 -0.09440977  0.23036935  0.02889404 -0.35496922
 -0.20681467 -0.13612287  0.02744731  0.02744731  0.13814341  0.30087511
  0.14052306  0.04918434 -0.1118481  -0.39253156 -0.57387659 -0.9736502
 -0.55318968 -0.35653113 -0.22833413 -0.52658571 -0.48742521 -0.23926455
 -0.25933926 -0.13640082 -0.08587299 -0.30442848 -0.25871976 -0.25871976
 -0.29622974 -0.25248177 -0.16939136  0.05178166 -0.28702101 -0.37348881
 -0.13210133 -0.36066431 -0.07712655  0.09263075  0.26369293  0.09647612
  0.29426466  0.61422295  0.28756544  0.39850261  0.41433578  0.32313959
  0.22801564  0.12486104 -0.16049348 -0.21032913 -0.33147541 -0.28692024
 -0.27961109 -0.02181067 -0.14866137 -0.20385929 -0.30367256 -0.06650343
  0.04726521  0.19040596  0.32240704 -0.01304847  0.13551338  0.09212638
  0.05498109 -0.0178261   0.21858179  0.12317513 -0.12919043 -0.0742339
 -0.12156365 -0.05832588 -0.09209643 -0.01519187  0.17515767 -0.34304982
 -0.17906423  0.00520078  0.06006669 -0.08812209 -0.19787368 -0.04274673
 -0.09551899 -0.15897329 -0.22142736 -0.35431698 -0.35537392 -0.43872658
 -0.08300167 -0.00375267 -0.17455316  0.00112386  0.00631188 -0.05832441
 -0.10049293 -0.03600526 -0.38944621 -0.10280732 -0.09803861 -0.32926732
 -0.49091082 -0.46187628 -0.6678571  -0.69492426 -0.38064211 -0.28588563
 -0.27345771 -0.19287019  0.03239646  0.08266774 -0.00758615 -0.10822283
  0.09637671  0.04391598  0.33991916  0.25549594  0.18309642  0.04687001
  0.09542873  0.34291442  0.01557843 -0.10519763 -0.03711019 -0.22966239
 -0.44659486 -0.46799502 -0.5331338  -0.49841554 -0.51461619 -0.53894291
 -0.48827197 -0.29671819 -0.10717639 -0.15041287 -0.09175419  0.12667304
  0.29547159  0.18875444  0.17649199]
likelihood realizations: [-100.33584116 -100.37265799 -100.38973563 -100.35582894 -100.34619293
 -100.34110338 -100.32148409 -100.33272188 -100.32458325 -100.3258595
 -100.35248239 -100.50896343 -100.37880064 -100.3104379  -100.31954207
 -100.33505532 -100.31861252 -100.31170508 -100.31170508 -100.36250221
 -100.33025347 -100.35778396 -100.56454046 -100.41341684 -100.3703172
 -100.3866291  -100.32320566 -100.31337202 -100.33180527 -100.36201973
 -100.37331369 -100.32735442 -100.33998842 -100.38781472 -100.3963492
 -100.48988489 -100.45452506 -100.42299645 -100.4080275  -100.35618386
 -100.34863978 -100.29314561 -100.33541028 -100.32906921 -100.3197097
 -100.3536733  -100.38458492 -100.45175424 -100.38034896 -100.31138732
 -100.30527486 -100.32013248 -100.38921053 -100.35247213 -100.30701589
 -100.35869168 -100.38662395 -100.3336211  -100.32103123 -100.32109964
 -100.35596795 -100.33108871 -100.29676853 -100.34503101 -100.31340264
 -100.32601817 -100.31325293 -100.33025179 -100.29536396 -100.29536396
 -100.34640626 -100.32663443 -100.32240097 -100.30879459 -100.3046077
 -100.34197602 -100.39821341 -100.53209404 -100.4281837  -100.31406719
 -100.32854633 -100.34879013 -100.42009361 -100.31892794 -100.35421507
 -100.32655566 -100.32802556 -100.31550897 -100.32211493 -100.32211493
 -100.33824007 -100.37364685 -100.32375679 -100.33898328 -100.37635032
 -100.34031642 -100.32215187 -100.3443361  -100.30361261 -100.31252625
 -100.32338833 -100.30006775 -100.3235505  -100.40106801 -100.32487529
 -100.3658974  -100.35025551 -100.32678249 -100.31391869 -100.30679448
 -100.33191587 -100.32825151 -100.33821567 -100.34481456 -100.36499908
 -100.31399409 -100.32403099 -100.31852856 -100.33540374 -100.29619906
 -100.31459025 -100.33079512 -100.33155166 -100.32795891 -100.29462334
 -100.31944493 -100.31843367 -100.29086941 -100.34524409 -100.30710683
 -100.33214762 -100.30016035 -100.42864891 -100.29567771 -100.30059043
 -100.30280814 -100.32009658 -100.32055108 -100.3525672  -100.30600926
 -100.3084156  -100.2867072  -100.34202293 -100.31208278 -100.31288997
 -100.30821096 -100.32709605 -100.32865477 -100.32855105 -100.37079894
 -100.31590962 -100.30112779 -100.3112337  -100.315134   -100.30592894
 -100.2990156  -100.28863059 -100.31130121 -100.37950744 -100.29702418
 -100.31076713 -100.32500445 -100.38483998 -100.35394122 -100.40290229
 -100.42795674 -100.37471488 -100.30456534 -100.33752581 -100.29720527
 -100.29241849 -100.29780439 -100.30040737 -100.33032034 -100.31069876
 -100.32106356 -100.34152931 -100.33228975 -100.30471815 -100.31710944
 -100.3187973  -100.32408289 -100.33704987 -100.33268006 -100.35205007
 -100.30177682 -100.38218783 -100.37558031 -100.38555391 -100.38854396
 -100.37649482 -100.39928192 -100.38177118 -100.31918716 -100.32720477
 -100.31305143 -100.31821278 -100.31338126 -100.31566689 -100.30753841
 -100.33189687]
proposals: [ 0.5         0.49554499  0.26015067  0.37473059  0.3896377   0.21868853
  0.05286962 -0.19913805 -0.1138874  -0.19742523 -0.31846808 -0.50826341
 -0.45261335 -0.09766002 -0.16285094 -0.1820175  -0.22357112 -0.175085
 -0.29844409 -0.55730312 -0.55819217 -0.78596809 -1.0066951  -0.69978165
 -0.54175548 -0.50371006 -0.3327393  -0.03763678  0.32632097  0.55663238
  0.39789629  0.11659716  0.24872805  0.57712281  0.5603366   0.9774658
  0.88136176  0.84316067  0.70261416  0.41912026  0.40446692  0.19326867
  0.31369852  0.1249018   0.32724385  0.48059925  0.60618821  0.67849616
  0.52645108  0.18514325  0.10336024  0.22952972  0.51438462  0.17896799
 -0.14869845 -0.53530078 -0.52498481 -0.3759394  -0.32336409 -0.15213359
 -0.30149877 -0.23407424 -0.09440977  0.23036935  0.02889404 -0.35496922
 -0.20681467 -0.13612287  0.02744731  0.0084899   0.13814341  0.30087511
  0.14052306  0.04918434 -0.1118481  -0.39253156 -0.57387659 -0.9736502
 -0.55318968 -0.35653113 -0.22833413 -0.52658571 -0.48742521 -0.23926455
 -0.25933926 -0.13640082 -0.08587299 -0.30442848 -0.25871976 -0.54224978
 -0.29622974 -0.25248177 -0.16939136  0.05178166 -0.28702101 -0.37348881
 -0.13210133 -0.36066431 -0.07712655  0.09263075  0.26369293  0.09647612
  0.29426466  0.61422295  0.28756544  0.39850261  0.41433578  0.32313959
  0.22801564  0.12486104 -0.16049348 -0.21032913 -0.33147541 -0.28692024
 -0.27961109 -0.02181067 -0.14866137 -0.20385929 -0.30367256 -0.06650343
  0.04726521  0.19040596  0.32240704 -0.01304847  0.13551338  0.09212638
  0.05498109 -0.0178261   0.21858179  0.12317513 -0.12919043 -0.0742339
 -0.12156365 -0.05832588 -0.09209643 -0.01519187  0.17515767 -0.34304982
 -0.17906423  0.00520078  0.06006669 -0.08812209 -0.19787368 -0.04274673
 -0.09551899 -0.15897329 -0.22142736 -0.35431698 -0.35537392 -0.43872658
 -0.08300167 -0.00375267 -0.17455316  0.00112386  0.00631188 -0.05832441
 -0.10049293 -0.03600526 -0.38944621 -0.10280732 -0.09803861 -0.32926732
 -0.49091082 -0.46187628 -0.6678571  -0.69492426 -0.38064211 -0.28588563
 -0.27345771 -0.19287019  0.03239646  0.08266774 -0.00758615 -0.10822283
  0.09637671  0.04391598  0.33991916  0.25549594  0.18309642  0.04687001
  0.09542873  0.34291442  0.01557843 -0.10519763 -0.03711019 -0.22966239
 -0.44659486 -0.46799502 -0.5331338  -0.49841554 -0.51461619 -0.53894291
 -0.48827197 -0.29671819 -0.10717639 -0.15041287 -0.09175419  0.12667304
  0.29547159  0.18875444  0.17649199]
